$ANSIBLE_VAULT;1.1;AES256
36333230656661336566656430613865313237626637323165386162343034383534363164323661
3238626634386134383233623531303032626232623661360a653562383966363030363462326238
38396364613730326437313963326339616464353636363933383832643838656632323461376135
6165383061373363650a346664643536323632633863616664386631666132396261653632623563
61653362663533653438666136636435393238356664383135666133313935636339303861363764
38613966623763343339313665323061356235633662343661643737383265663938373633663163
37313236386138306562313335333963613332303861643738333662386636656330333066633162
34336666656333643930313762623831393835383934343435643637333630643461343530353835
33666266313732343261643336653037323131383562633865616336663863393163393538343635
61313166326539353566396162343263373936333237343432386636636135313330636664323730
39633633633763623632646236663330353961383765333432376339373163363338353263353666
62326363643633616266326530653230363430316266656231363835373935656233656432306332
65343431346639306164613537386330626139346136376131616532346563613365666136376437
64663133663435306536396237616436326132313130616165353434306534663835323639313139
34663136663331306235373665663833303535613536393435313930346134383064313662633165
35306132616538353763323332333638313235636166326365626530343063343433346131333866
31653965383361373133613337386363303561353638643833616230666562346463346535356236
37353430353666333636643730366563623061303738363237373861346438353237633230346163
31353866656530313166643263346233656364306564353965363761363663366531643534646139
37313830396338626165346366313339343563376266613836313232643062643061303133373033
32363133386562643661633466316430373066346230386432396239333930366361313736363130
35393138343431333738326435373235376134643634653934376166653531353438326433663330
35653239313862353531346162653835373739333739666333356633383262316536343161656561
63626561326331306361343737353361323530343734656331396363396231333066613563313839
32326264383730383434636631376539623030336531313134613235353362363538623835373432
30653739646466303639363239326531663961613735633938343166393234643766383330663161
39363465636431376231633330313339313261616338393866333866316135643864623238316565
32663738626439386533343433366432643332363836353335646337343939323239633863666365
39393238646561346338646537663931336633613535316133636332633832316663663764636230
61386436616435636437396231356235386538326161653031306236623666626530346362663833
63626666613864353865623933323435623166386664313563353561636236646162336136373939
33363930366335663761333234663631636161356139343434653739383965316133333332363536
36303137636436663364333636626364653933333636663161353232366265356532666635303931
65333437343834663235336263663631656431653435393636363565613230323461346436383037
66356234303561306435343734623164613235303530643863396363343530336466316336386166
37366435663330666336326238616165633138323335313064646630353332363062343338363165
34333734616362373365306565376534336530663637636639376331643237353538613538633936
37626330343761623766393030373065636637383664366337333364336234386133323361373637
32653334333535636564333835633537376465366466396336376364613064373035386261636662
66393330653235646231663338666535363063653965373432326433333961383031636363393663
39353465626638646337613733663961396231363464653538323730336535356136663632616133
34313338653934326561366130613964333034613165316230616664613166353732306663653431
383763376665643765393264303131383936
